1 26303.8210183 8986.19910891 6485.54512392 48451.4648188
1 18135.8705288 3185.13441477 9303.95491361 36558.5350268
1 19174.9327774 7614.30351975 11682.0561022 44065.6857839
1 18492.3508748 3773.6496407 10116.2084857 40754.2302581
1 20715.1095469 6510.20746417 11474.7147528 50842.0953281
1 17502.2335008 4658.63559369 4412.80485739 24162.8177457
1 16666.8946036 1131.1980188 5586.73904498 30627.6136734
1 16128.807953 1759.07177478 5077.37332061 27609.589154
1 14755.4951351 1880.22397741 3370.99748484 40836.2219772
1 17323.8707747 2526.05689712 4257.76527327 36874.2798308
1 16879.5079583 1230.10282607 4017.92260756 29193.0666457
1 15680.2433832 552.262135001 1668.69854693 26114.656376
1 17272.8714681 3168.3668263 6401.5093349 48191.5154577
1 15868.9754096 3164.09458563 3881.24104052 30872.2299256
1 15022.2035215 1173.25856369 4913.59819679 26417.1372217
1 15081.5108691 1211.71250851 4432.76458583 36192.5495414
1 15574.0824643 627.586832492 8385.76110069 32643.0618802
1 15488.1181788 1635.60909333 5245.7227818 21441.2396791
1 13686.0491165 1235.41375368 6433.01977592 33785.3068035
1 12866.0 3781.69496501 5641.29229806 32304.3341267
1 12320.0 1698.77925605 1990.34295681 22982.4394345
1 13385.0 4330.35052125 6575.93665957 29390.1995926
1 13385.0 2481.87001694 5393.71371631 17704.7349294
1 12496.0 871.027708364 1978.69223479 18742.5156472
1 11864.0 2787.60961555 2785.63158665 12205.3691611
1 11864.0 1625.60050443 2111.72259956 14682.6950159
1 12162.0 463.646224092 3495.95930284 18071.4477833
1 11218.0 1479.76024141 4848.41050511 19392.6692726
1 10544.0 1067.99361225 2597.54604448 15837.5581566
1 11567.0 549.614924616 158.430020988 12846.8088736
1 10185.0 264.984880212 2029.62632423 13646.8988929
1 10118.0 650.168483263 776.70716805 9240.98114485
1 10601.0 955.718937793 1832.84357622 9941.85676467
1 9307.0 2593.99538442 3926.01752935 19915.7649109
1 8478.0 469.881956348 5270.09233378 17260.9873439
1 9130.0 1254.97489117 797.195393134 8547.34618704
1 9849.0 755.098333128 1988.30648512 12312.8887442
1 8137.0 674.281293381 1438.79205701 10546.4992851
1 9317.0 849.010781923 1087.69174672 11281.6976883
1 9906.0 2654.3362785 2315.10943265 16531.8818583
