[ 46127.61179069    168.72475834    139.07461364    433.25425136]
[  83937.51737001   26261.77909516   44512.12901353  156474.37043562]
[ 161412.07665072  105746.48645269  111673.43870777  196797.20220947]
[ 193920.07190947  103848.75952787  112433.24803104  219247.48022944]
[ 199749.05783801  134972.76499148  129559.92575573  259352.22010891]
[ 239433.76536033  115146.4772748   143389.7134672   259872.99532204]
[ 237459.07567518  115707.67193976  144832.6020201   260887.61219663]
[ 236763.6922166   113937.21078891  149071.79510684  261410.59039081]
[ 238896.35386522  109745.88062215  154243.96804857  264711.69214435]
[ 237938.40592425  111220.80144864  155345.58259251  265046.63279028]
[ 238139.93910737  111899.20556172  153750.78169386  266530.38977968]
[ 240367.99209603  109513.50115427  155448.71646396  265711.53559362]
[ 133563.21365056   59837.50129024   53394.37129871  108970.15947244]
[ 134044.41096397   59948.13094901   60352.88911859  106500.7547833 ]
[ 132633.8169388    64814.3806037    63304.07581485   91712.25703618]
[ 128436.40420069   51712.14167939   65312.02797645   87854.3488966 ]
[ 101406.52577598   38527.45048957   49870.56409836   76852.04013379]
[ 96132.91186741  42358.72573443  41114.26301926  77552.03539013]
[ 96678.09012755  36157.11960027  45275.50161583  72844.06351446]
[ 95096.52402692  33390.01285852  45681.27155932  97341.39768631]
[ 95884.62313552  56602.83200695  74827.00576969  96904.72672553]
[ 105285.59524935   49056.04562576  118111.17713848  101396.14172032]
[ 116340.99721915   67461.66034465  116215.1050124   122581.57836313]
[ 125639.12440043   63871.59489883  120449.32577123  124788.97425882]
[ 129227.95074818   63904.70426968  123114.54621741  121285.59975457]
[ 129757.6009311    60899.78067068  124288.72490174  116650.30685897]
[ 130177.73589221   58696.52693702  125186.09847751  111459.44782358]
[ 129033.94023929   58062.99659003  124401.56316225  114537.98206071]
[ 132714.31128803   57126.00619941  125602.79445048  117287.32655499]
[ 132079.9872363    54274.10686348  127663.45585199  109388.05736922]
[ 137926.41936829   56389.43105305   86860.49133231  102507.80209192]
[ 131840.18017936   37782.78122565   58132.18625256   87953.60200573]
[ 121346.28861971   29610.23397524   51449.80144468   75012.22396761]
[ 102190.97816938   27740.09693387   42528.69056973   62131.65041985]
[ 94698.23446516  30557.91155923  38183.88934633  69654.9430734 ]
[ 94097.62795845  25557.08620348  32812.74417459  64257.39281568]
[ 93376.04580696  24424.30795896  33688.84516286  64830.42434983]
[ 91744.66911305  27108.84748571  33117.55798024  67954.66450984]
[ 96399.17914636  23996.85272273  36209.94554565  68570.99554366]
[ 90957.01441591  26603.24886151  39845.85531671  66665.77180952]
[ 90447.35608282  27984.51000244  34565.16153572  59353.18272888]
[ 91017.01860939  28280.16217003  40920.38960376  65411.44132653]
[ 90849.02191484  28623.90247619  36538.92297885  65752.38542781]
[ 96217.47871816  24200.8058663   34061.67624835  66738.57755932]
[ 92610.84473144  22625.64205616  27539.16866071  69113.8337617 ]
[ 92263.7669302   26945.13589987  28093.03934896  72085.12572081]
[ 91096.48924454  26243.43380556  33430.76191766  70455.95786154]
[ 94408.63869283  25878.28250094  29264.07119576  71456.2771263 ]
[ 93935.30327165  22214.13588697  36848.77457403  73525.34277526]
[ 92269.38504205  19935.53124763  28193.9877664   75835.84420038]
[ 92782.14294736  19553.18510278  27911.89417242  78165.49197556]
[ 94062.20532472  23344.34971033  31909.3048115   81314.03745782]
[ 97792.19326482  30820.23614742  28205.56620867  82103.62382107]
[ 93354.21826516  32953.38584234  32343.39942686  76820.3458673 ]
[ 97749.8226556   31383.3583814   37560.51112809  78320.31562129]
[ 97447.544755    43120.53359758  47027.56514028  74357.61604653]
[ 190278.45451662  152174.5806044   337816.46607882  565167.17977874]
[ 196056.21236079  178942.08106623  314547.6271852   583175.87151318]
[ 200239.76492272  184069.25831137  309276.79062521  590202.40315183]
[ 196805.8762961   189390.1911314   306513.00586356  600461.51401899]
[ 196851.2868577   189535.8171443   311172.66850603  605732.77532801]
