0 21595.7528502 9120.15733617 13769.417832 31357.6119922
0 16246.5468471 2516.99962351 300.732982152 10424.283926
0 16597.8903976 396.25000859 2051.26026294 8354.4422083
0 17614.5296505 911.287920354 1003.49153979 5926.4644337
0 17235.0998402 718.114095201 1369.83907167 5376.14649052
0 15760.1919984 1354.69983726 2934.24759541 5873.958352
0 17396.0088757 1811.70371277 2210.08570643 6950.04721554
0 18554.6515471 1741.34754014 3771.6734739 30096.6529258
0 15106.9457409 1080.79608092 1531.7085588 15363.2171231
0 16835.8511963 1559.17862309 2807.67710798 19903.3904832
0 16287.885182 728.426571849 1502.75987089 6654.81513961
0 15970.7827099 202.061314171 739.733688406 2902.16177211
0 15473.2552333 225.483911338 1455.33702869 4800.48030575
0 16870.035499 1700.67621413 7735.38484508 23038.2169469
0 15559.8388124 1206.13730181 4213.38578724 11049.001878
0 15295.2655233 551.063271109 1275.75163261 3859.22994067
0 14165.3651163 495.302156118 1113.05453105 4481.30340806
0 12925.0 879.113887998 625.395002323 3624.33305972
0 13277.0 1270.82371272 1461.31255557 8736.41081078
0 13827.0 685.809850788 628.946422065 4119.45065764
0 13001.0 232.714682638 731.094310489 3576.91562008
0 12122.0 1029.17965642 1009.3821067 5319.71696899
0 12379.0 596.339173535 402.803557346 3188.27399203
0 12058.0 981.619138857 1170.3092757 6434.14464208
0 12014.0 655.753602232 1054.74214112 6553.42427545
0 11262.0 206.519161052 993.560502817 5749.54704059
0 13517.0 2562.28978749 3077.53344624 7088.32444674
0 11498.0 358.91582806 1136.96285597 2893.8806459
0 11077.0 315.339650783 841.306428706 3303.72715825
0 10497.0 354.858193305 332.121324084 1869.6756229
0 10626.0 63.1056626416 578.514337536 2158.69432151
0 9748.0 325.560049935 524.178310664 3531.02884749
0 8665.0 450.57098768 874.089891977 7913.76375298
0 9213.0 1150.18145674 4104.13799615 13390.3239484
0 8788.0 3659.38769074 16935.5044879 44557.279266
0 8592.0 267.122530765 347.671213583 1959.75842037
0 9025.0 208.488975459 158.335857722 2441.66831698
0 8136.0 650.100000445 1705.68705691 40941.5854632
0 9150.0 548.161144287 308.530425492 2156.42870114
0 7658.0 447.49593785 1501.73883722 16322.8965785
1 9146.0 1536.98716309 2353.5563323 14862.5414611
1 5984.0 2433.4528543 3019.99500573 23144.6157728
1 9450.0 1869.53507875 5905.36880679 22921.545014
1 8000.0 1512.44502517 8746.39350808 60884.6875312
1 12722.0 9280.16907451 26739.2611692 107962.457392
1 10696.0 2846.62869977 3681.37209118 14896.0088399
1 13344.0 5389.62911657 2913.1889621 26783.7119096
1 11580.0 972.780606107 1116.77499652 10013.5541007
1 14320.1793351 102.286702262 4193.69449765 21055.1123764
1 14043.0 1062.52565262 1031.38579912 14690.1735695
1 17110.3175873 5511.48334004 20725.9725716 22451.6797141
1 14252.7699321 721.460930995 5694.21445689 21801.6932676
1 15102.0 16017.5854943 17096.513973 134848.298795
1 24467.7592128 7800.1328532 43417.6575711 130714.208529
1 8279.0 8006.69104313 4897.28290192 18304.588337
1 18678.4595962 14976.05856 53286.7747994 100175.981052
1 16833.7689279 1551.87314646 11803.8633134 58700.0899218
1 13733.0 1830.80277201 2013.17173616 23420.9511303
1 20091.0 25280.8365903 41199.9493616 107889.853377
1 13424.0 13773.369412 27890.2379803 146676.432509
1 11285.0 2245.21590062 3417.3564835 22322.0521349
1 12967.0 2298.43274822 2817.83981344 13672.5029342
1 14933.0883751 2493.43176943 12469.8284143 55634.5847212
1 11466.0 1228.89450371 2273.55204952 12932.1947425
1 8351.0 357.732666942 529.562135179 8484.99379823
1 12391.0 3005.65972827 6510.73846814 26029.8650575
1 12847.0 3372.15652898 3423.78136347 16247.5640581
1 12141.0 466.65200558 1295.99032603 27120.5971135
1 10211.0 6659.79350491 15000.3625554 43850.9126058
1 8309.0 878.893855281 5640.80059184 41368.3319695
1 10883.0 2665.81120772 8116.58584804 46349.0161963
1 9319.0 1592.65843343 1517.243019 14175.8281546
1 9413.0 272.667798858 1867.44168639 14326.108141
1 7648.0 578.485694339 748.601669254 6165.02054035
1 6320.0 1269.48150895 3415.28269391 19072.4673273
1 10158.0 1504.38293574 2487.7611178 11512.7593542
1 12106.0 615.127746462 3507.45185895 13584.9336502
1 8241.0 1972.39928122 18605.7136414 44191.1793631
1 7698.0 1661.82876429 7792.97565198 33919.3225795
1 11170.0 5398.03400504 23641.2525253 65074.1620039
0 24228.9008523 7291.198347 20132.1719317 103654.899572
0 18424.6655983 815.823722693 3030.48177895 14468.2626615
0 17001.9585002 1557.22961611 1889.12029099 6374.13134347
0 17108.0143385 1747.28441686 2495.82613376 15884.8879911
0 16834.7277298 676.290633528 962.755501058 10031.0981935
0 16705.0766844 927.782745696 1554.40719439 7171.44988655
0 16432.8083528 356.633042238 1243.62179872 8654.4688767
0 17332.9985843 5436.45513689 3619.98416581 14258.2335486
0 16261.376089 350.056037353 1238.7646787 7020.12394565
0 15282.4395792 403.462030985 1444.82924511 6829.81595763
0 15241.7418823 201.370077841 1693.45920435 7158.39089051
0 15670.8091353 869.491622285 1906.55620912 4370.39716686
0 14600.3603392 503.73120473 1339.2662041 5842.49217037
0 13948.7636937 558.812500447 1207.00043363 8205.36788304
0 14338.0 335.355014029 1366.86996253 4987.67691966
0 13074.0 561.508009297 1424.32801334 4331.43999207
0 13846.9132832 323.239248679 1289.5651875 5136.39791505
0 12161.0 815.588821417 1205.24731698 4397.32674105
0 13077.0 461.670902165 312.065568938 3416.98600956
0 12207.0 758.133674752 640.480137411 3093.5462613
0 12356.0 668.036824529 669.228400624 4011.06536947
0 11799.0 378.680791822 1535.42269806 4552.23421284
0 12209.0 809.076939036 1269.39760604 6401.73539546
0 12500.0 446.157471561 1851.15436787 3835.20576847
0 11080.0 313.769063239 490.932586644 4150.71170584
0 10111.0 668.063569361 2067.24481247 16812.1563371
0 11067.0 464.213411768 1072.54804678 2737.41130755
0 10474.0 410.857010451 702.88667337 3483.3501078
0 11355.0 1231.86303413 1894.59065887 7594.60945934
0 10037.0 99.2965803655 3104.62613509 12711.4940029
0 10084.0 381.126618479 258.351981235 3185.83570142
0 9643.0 640.72263867 1098.76167191 4544.37920104
0 10342.0 156.493830298 1764.79508251 9306.34169541
0 9313.0 569.266169489 2202.75202906 10645.5541595
0 10126.0 954.91008895 1578.78111505 6399.40290134
0 9135.0 335.900099621 1302.24332139 8240.9450483
0 9283.0 380.149529098 288.38153398 5622.75686808
0 8697.0 171.81235177 514.261788599 4421.42967813
0 9362.0 181.254587154 365.415576256 1999.9984847
0 8731.0 140.432614341 137.437770327 5195.4006485
