142.18893084
2460.51807457
31376.48858605
45116.91241132
71062.33688603
113547.66517707
116167.80352419
116480.0095574
115236.0559736
116053.67520501
117115.66068692
117129.52610347
118070.74009504
114879.54217998
116607.44056291
41315.71220956
30526.02061812
28441.34480958
27492.43941649
27688.69731969
26610.58587818
23314.08696368
20822.21240196
21525.30763433
19563.60290209
16742.42002173
23648.69789946
19178.46327589
21504.86378153
21019.53193835
21724.0416698
22520.52863012
18884.96050945
19733.35773971
21047.52714356
24175.30419766
21811.84534668
20875.27777917
21964.61657154
21886.26822421
21700.67262176
20251.40636523
19202.4938492
20685.9178242
19910.62101948
22930.08081035
25549.02305161
20689.7896389
24527.94988831
23403.93323481
24292.92922806
26074.8911001
24735.88272906
23843.52088355
23729.34975281
20398.65847603
18734.78116927
18257.99623071
19279.57463813
18807.57933442
19070.43256634
18753.20066002
21438.33882257
22538.33954887
20166.69105477
20373.40795146
20193.19004452
22035.96517047
21310.26638501
15685.45821501
16156.83763419
17013.99727878
16829.77899504
16896.10320078
20969.34362516
18979.20473662
18434.47001175
19482.34566078
17391.52381119
22435.16332845
20539.9984358
19213.54120317
19606.92343979
21857.6630671
20253.72723191
21819.86067037
18782.34915908
17412.58504256
18287.91796848
19858.14004152
20150.13545849
21135.25175548
21865.29209542
22069.48119095
19838.36957816
22451.80169542
20320.25632769
21854.06231964
22316.58172248
17268.25723516
17747.380647
23888.41487202
23552.70500536
23810.84824878
25685.93399277
31837.26132532
32967.62479122
32477.8405532
32131.1134678
34508.5646752
35195.4663815
33396.51752245
32150.07544596
30297.99267795
27319.17682566
20835.68755362
21986.71944819
21550.86904912
21278.35437116
21477.74556648
19550.58618123
21461.85643658
26286.16138591
28647.19893608
27859.79094648
26511.24070444
23612.08599725
24377.86537106
25114.53593077
27876.95363068
28517.84459076
24892.75763701
23966.57806533
22296.38848355
20980.38060256
21022.44793905
20912.17899981
21903.87902568
21246.29122353
20172.74403395
18709.61811329
18019.54523744
19766.61204692
17972.87386472
18823.13854994
19258.91890122
21714.34732262
21782.90068438
21891.57209197
22578.0253171
18776.66079886
20424.61387825
17941.81016629
18651.91042271
17371.02242511
18812.35490636
18315.66938287
17068.5338618
17866.6791661
17067.07442488
27393.32028526
25957.55081663
29831.30563319
33824.7694369
33807.65229129
29936.46770104
31374.67290847
32137.3036643
33442.18041176
32089.63492339
30878.19603196
21125.5790793
19819.19244918
19393.3879815
19137.9154315
18899.18978919
20612.11992911
21128.18294519
21652.68624095
18055.61731662
19882.74388077
21248.334644
22809.12186925
22852.86406655
25704.6221586
22750.21737075
19485.10242926
22809.08284485
22296.82558166
20997.21078673
20567.947401
16999.84414221
16361.87163764
15781.61532976
16236.16869709
17700.13866784
17962.79221557
17626.50192147
14281.18424671
15384.65334356
16879.23564167
16427.44831602
15464.45495411
17443.09739368
17766.48431085
19389.68822828
22424.38131937
20118.35865292
19574.58271515
19871.72195682
22616.21944212
22431.42228784
26547.39358196
26937.47612981
20878.82932745
22120.20186686
19369.96178029
18393.56043206
18817.67896628
20628.4796743
21047.48109216
23879.12285771
20491.67769953
18790.9626701
18914.94051496
19868.13097361
22243.47411867
23063.13624616
22261.66653575
24003.54591205
22293.9309827
23029.03262018
28040.07479899
28546.79812292
26407.81536684
26495.49127983
25772.81639289
26533.73192983
26758.21169049
25305.48431249
27341.46493289
26406.72610815
23552.98404136
22730.81733955
21655.95459654
21787.05073834
24645.06565405
21433.03533112
20747.36622391
20818.5533927
20168.91419
20207.73035486
20444.12126476
18141.45631702
16354.4126971
16518.11157439
13381.90124705
18163.82726416
18360.19326575
18012.86734157
19825.5913783
20549.4991513
21259.20383253
22650.07477779
23121.02964389
23343.60701453
24302.0839728
26422.21431526
22414.82972468
22479.35814328
22192.56698124
23920.22886166
23944.90953965
22533.34393978
20543.93466695
16396.85195844
18065.98659752
18225.48958846
20878.89477471
22025.24493711
23863.2193678
22788.95074371
21343.92245425
22763.10399107
22027.19337476
21416.33899538
22186.35660129
19416.24034019
18546.03842445
17701.58649733
14024.11259765
17585.94067463
19046.2711094
19885.54178382
16844.62870542
15795.30643704
16195.97349788
17022.81305883
14440.3985851
15853.14923775
18978.90719252
18437.79760902
17851.5297344
17653.93604261
17466.70974568
17644.6313184
17155.31497384
16829.09841815
18190.38040818
16532.34781935
17744.98024332
16517.63458086
18945.45926233
19175.48226871
19427.11535482
16689.62025407
14904.78514815
17949.73640306
18857.33688187
20407.85149348
20315.14249158
21199.12574165
20560.61662362
19670.41351234
21313.21300201
16545.83001982
16107.91151561
16065.45812292
13890.02845241
17057.64971421
17219.65618605
16561.21523601
17865.492119
15907.44071481
16143.79518645
17487.34603304
22793.09219524
20353.92149633
20518.62274199
17614.90415425
17723.49841006
17787.21350986
18203.20086805
19526.75687464
18855.42602021
18640.07517205
16516.33879553
14696.07599593
17894.30271342
17032.86324542
20709.43893756
22341.76113422
24398.67477751
28304.23919761
27502.64603736
26724.74309957
28495.89086399
30213.56899172
30520.11531757
30194.7365222
25846.5205514
22226.15379387
21897.17369044
20557.76784834
19394.01720387
20286.82708158
19182.73808054
19234.32379944
21007.85830348
19750.77589358
19778.94681956
18254.89535327
18552.32435829
20119.79907821
18032.89510672
19499.94384721
21421.54568272
22044.91459041
21188.78095979
19156.84179974
17695.30010513
18960.59066617
20941.83167487
16181.73561972
19261.73904115
18684.02547198
18929.41508744
16609.34689225
18790.81401209
21623.13610399
21391.52903835
20750.64945554
21940.41998025
22114.85082221
19049.32600343
18058.57678894
19783.93761959
19525.49907883
19548.64719755
19943.73729359
20207.79032164
21310.51574003
22032.13552131
24121.56786897
24060.95500821
44092.9440841
33451.31554663
34762.31735613
34995.97770688
87248.19033015
88371.65695458
94473.90574274
91030.47095834
95317.49012585
100256.176478
102490.19501453
144121.4314423
145059.46678363
142083.3846945
152698.55956228
143208.84944328
