0
0
30673
379
11685
3150
2572
5450
7494
2954
4386
31710
5655
5628
2306
5697
14156
6937
14236
8016
2432
3945
55009
3386
3054
2132
7362
17543
4049
11363
3687
4908
3795
6476
9865
2304
399
9982
2355
8282
2198
3641
1
2
2564
8352
2164
7032
55272
5871
13388
8125
4384
5031
7474
55968
11453
40106
35470
88467
13516
13566
76737
18479
11409
8539
20769
4612
52855
15786
32622
12804
18336
4296
4182
15654
30100
3009
1863
19719
6193
23293
9260
46175
4064
13842
4899
22103
9958
1865
4718
10977
21574
6430
7912
5433
2841
30036
6099
18328
5362
