9593
9593
5912
5912
5912
101581
101581
101581
101581
15642
15642
15642
15642
13443
13443
13443
13443
20211
20211
20211
20211
16360
16360
16360
52086
52086
52086
52086
29619
29619
29619
29619
27333
27333
27333
27333
27045
27045
27045
11510
11510
11510
11510
16454
16454
16454
16454
3848
3848
3848
3848
1683
1683
1683
18985
18985
18985
18985
22222
22222
22222
22222
5235
5235
5235
5235
9285
9285
9285
16021
16021
16021
16021
7277
7277
7277
7277
2064
2064
2064
2064
5431
5431
5431
4722
4722
4722
4722
1438
1438
1438
1438
8141
8141
8141
8141
3615
3615
3615
3615
30634
30634
30634
4774
4774
4774
4774
15607
15607
15607
15607
2337
2337
2337
2337
3601
3601
3601
4781
4781
4781
4781
32683
32683
32683
32683
1974
1974
1974
19997
19997
19997
19997
13210
13210
13210
13210
5261
5261
5261
5261
9721
9721
9721
9721
3602
3602
3602
47524
47524
47524
47524
5034
5034
5034
5034
19497
19497
19497
19497
27703
27703
27703
27703
7448
7448
7448
58326
58326
58326
58326
53922
53922
53922
53922
2249
2249
2249
2249
24069
24069
24069
11344
11344
11344
11344
27550
27550
27550
27550
14187
14187
14187
34704
34704
34704
34704
48071
48071
48071
48071
8884
8884
8884
8884
2330
2330
2330
4858
4858
4858
4858
14247
14247
14247
14247
55495
55495
55495
