74930
74930
64592
64592
64592
48865
48865
48865
48865
58423
58423
58423
58423
39256
39256
39256
39256
9809
9809
9809
9809
25577
25577
25577
11846
11846
11846
11846
4270
4270
4270
4270
16268
16268
16268
184444
184444
184444
184444
483773
483773
483773
483773
33529
33529
33529
33529
3428
3428
3428
3428
24907
24907
24907
134970
134970
134970
134970
11701
11701
11701
11701
9290
9290
9290
9290
8318
8318
8318
26101
26101
26101
26101
6369
6369
6369
6369
2997
2997
2997
2997
8653
8653
8653
5693
5693
5693
5693
31412
31412
31412
12642
12642
12642
12642
104521
104521
104521
104521
18049
18049
18049
18049
1891
1891
1891
1891
103098
103098
103098
87743
87743
87743
87743
3724
3724
3724
3724
1506
1506
1506
16145
16145
16145
16145
23990
23990
23990
23990
1591
1591
1591
1591
10508
10508
10508
15983
15983
15983
15983
32561
32561
32561
32561
7466
7466
7466
13405
13405
13405
13405
16280
16280
16280
16280
4735
4735
4735
4735
12428
12428
12428
12428
10391
10391
10391
2234
2234
2234
2234
4248
4248
4248
5900
5900
5900
5900
16045
16045
16045
16045
20535
20535
20535
20535
23843
23843
23843
23843
18129
18129
18129
1969
1969
1969
1969
10566
10566
10566
10566
4191
4191
4191
4191
13754
13754
13754
60270
60270
60270
60270
2279
2279
2279
2279
5043
5043
5043
5043
